
12/26

online

216549,249594,243507,210747,102212,102221,244412,250784,250785,223418,223426,253022,253320,253321,253316,244486,244487,244488,223279,252438,252437,248904,209572,243396,243398,253295,253296,253297,253301,253302,253303,250782,250783,94665,253012,87766,245931,249595,249593,237963,237975,246096,223371,253765,253764,244115,244118,203251,243504,244490,244491,244492,244483,244484,244485,251828,250158,209571

ISO
100836,101106,101128,256948,256949,256950,256951,256960,101152,256812,256813,256959,256961,256962,256963,256964




